[
  [
    15098920447470774060650890395766192053326518677849935015717863860159480636312,
    6014721469852014036978198720964503043991273589435367532138351869834932736642,
  ],
  [
    [
      7162339970681333148899211585324317285219381503020916880455687218216759728870,
      21098053122589074363096390960420678974897596326785719186602291784086430647446,
    ],
    [
      11443046300629522384055631548160761706710717691341437363181405469328425978951,
      16206980875962310248202776229920840040938085459546051900673109902699905678463,
    ],
  ],
  [
    14041157903480531126879000073522210567589207396342732263725581057634423122213,
    17197273728072269805855523888829673688467654411562507611761088096368308299596,
  ],
  [
    11033471489869814263074241113770150206908354710443732396696380256197032975956,
    8873241271860718169582812240237882660737050618514984989284582437845517133897,
    9063223437320598139079695905155378525850140857890492073786276750582370389075,
  ],
];
